0 4196160 57 248 0
6 4196128 63 read 0 16 -1 0 248 616161616161616161616161616161616161616161616161616161616161616161616161616161616161616161616161616161616161616161616161616161616161616161616161616161616161616161616161616161616161616161616161616161616161616161616161616161616161616161616161616161616161616161616161616161616161616161616161616161616161616161616161616161616161616161616161616161616161616161616161616161616161616161616161616161616161616161616161616161616161616161616161616161616161616161616161616161616161616161616161616161616161610a
0 4196160 121 248 1
6 4196128 127 read 1 16 -1 0 248 616161616161616161616161616161616161616161616161616161616161616161616161616161616161616161616161616161616161616161616161616161616161616161616161616161616161616161616161616161616161616161616161616161616161616161616161616161616161616161616161616161616161616161616161616161616161616161616161616161616161616161616161616161616161616161616161616161616161616161616161616161616161616161616161616161616161616161616161616161616161616161616161616161616161616161616161616161616161616161616161616161616161610a
0 4196160 185 248 2
6 4196128 191 read 2 16 -1 0 248 616161616161616161616161616161616161616161616161616161616161616161616161616161616161616161616161616161616161616161616161616161616161616161616161616161616161616161616161616161616161616161616161616161616161616161616161616161616161616161616161616161616161616161616161616161616161616161616161616161616161616161616161616161616161616161616161616161616161616161616161616161616161616161616161616161616161616161616161616161616161616161616161616161616161616161616161616161616161616161616161616161616161610a
0 4196160 249 40 3
6 4196128 255 read 3 16 -1 0 40 6161616161616161616161616161616161616161616161616161616161616161616161616161610a
0 4196160 313 248 4
6 4196128 319 read 4 16 -1 0 248 616161616161616161616161616161616161616161616161616161616161616161616161616161616161616161616161616161616161616161616161616161616161616161616161616161616161616161616161616161616161616161616161616161616161616161616161616161616161616161616161616161616161616161616161616161616161616161616161616161616161616161616161616161616161616161616161616161616161616161616161616161616161616161616161616161616161616161616161616161616161616161616161616161616161616161616161616161616161616161616161616161616161610a
0 4196160 377 32 5
6 4196128 383 read 5 16 -1 0 32 616161616161616161616161616161616161616161616161616161616161610a
5 4197645 440 0 0 0
5 4197663 441 0 0 0
3 4196032 441 0
5 4197645 498 2 0 0
5 4197663 499 2 0 0
3 4196032 499 2
5 4197132 556 3 0 0
5 4197182 559 3 0 0
6 4196128 560 read 3 16 -1 0 41 616161616161616161616161616161616161616161616161616161616161616161616161616161610a
0 4196160 620 248 6
6 4196128 626 read 6 16 -1 0 248 616161616161616161616161616161616161616161616161616161616161616161616161616161616161616161616161616161616161616161616161616161616161616161616161616161616161616161616161616161616161616161616161616161616161616161616161616161616161616161616161616161616161616161616161616161616161616161616161616161616161616161616161616161616161616161616161616161616161616161616161616161616161616161616161616161616161616161616161616161616161616161616161616161616161616161616161616161616161616161616161616161616161610a
