0 93824992233552 47 32 0
5 93824992234409 49 0 0 0
5 93824992234487 52 0 0 0
6 93824992233536 53 read 0 16 -1 0 32 616161616161616161616161616161616161616161616161616161616161610a
0 93824992233552 101 32 1
5 93824992234409 103 1 0 0
5 93824992234487 106 1 0 0
6 93824992233536 107 read 1 16 -1 0 32 616161616161616161616161616161616161616161616161616161616161610a
5 93824992234785 154 0 0 0
5 93824992234847 154 0 0 0
3 93824992233456 154 0
5 93824992234785 195 1 0 0
5 93824992234847 195 1 0 0
3 93824992233456 195 1
0 93824992233552 237 32 2
5 93824992234409 239 2 0 0
5 93824992234487 242 2 0 0
6 93824992233536 243 read 2 16 -1 0 32 616161616161616161616161616161616161616161616161616161616161610a
5 93824992234785 290 0 0 0
5 93824992234847 290 0 0 0
3 93824992233456 290 0
